
m=[225 ,   139 ,     0 ,     0  ,    0 ,     0  ,    0  ,    0 ,     0 ,   150   , 150  ,  105  ,   98 ,   108  ,   89 ,    70 ,    70 ,    70  ,    0   ,   0  ,    0  ,    0   ,   0  ,    0  ,    0 ,    63  ,   41  ,   79 ,   146  ,  101  ,   83 ,    71; 
   225 ,   216 ,   107 ,   229  ,  211 ,    10  ,    6  ,  236 ,   161 ,   195   , 139  ,  206  ,  127 ,    79  ,   89 ,    70 ,   237 ,   103  ,   51   ,  25  ,   92  ,    1   , 255  ,  107  ,   52 ,   101  ,   79  ,   89 ,   105  ,  116  ,  101 ,    83; 
     0 ,   104 ,    88 ,   229  ,  223 ,   242  ,    3  ,  142 ,   150 ,   150   , 206  ,  206  ,  195 ,    60  ,   89 ,    60 ,   204 ,     3  ,   10   , 115  ,   83  ,  254   ,  52  ,   70  ,   48 ,    60  ,   97  ,   89 ,   105  ,   71  ,  221 ,    11; 
     0 ,   225 ,   249 ,   172  ,   95 ,   227  ,  195  ,  135 ,   180 ,   195   , 139  ,  139  ,  195 ,   146  ,  196 ,   226 ,    48 ,    34  ,   48   ,  84  ,   45  ,   37   ,  79  ,   63  ,   98 ,   116  ,   89  ,   97 ,   116  ,   39  ,   29 ,   238; 
     0 ,   233 ,    23 ,   117  ,  236 ,    21  ,  195  ,  195 ,   225 ,    28   ,  21  ,   21  ,   28 ,    45  ,   39 ,    10 ,    81 ,     9  ,   41   , 243  ,   70  ,   44   ,  98  ,   82  ,   60 ,    59  ,   60  ,   48 ,    89  ,  226  ,   11 ,    46; 
     0 ,    32 ,   232 ,   138  ,   10 ,    21  ,  195  ,  225 ,    10 ,    63   , 206  ,   57  ,   28 ,    64  ,  103 ,   247 ,    31 ,    78  ,   13   ,  60  ,   51  ,   70   , 108  ,  127  ,  116 ,   108  ,   48  ,   44 ,    71  ,  220  ,  234 ,    49; 
     0 ,    55 ,    37 ,   168  ,  120 ,    47  ,  195  ,  225 ,    10 ,    73   , 252  ,  192  ,    2 ,   209  ,   50 ,   247 ,    69 ,    40  ,   67   ,  67  ,   67  ,   51   ,  41  ,  127  ,   98 ,   195  ,  225  ,   29 ,   218  ,   12  ,  202 ,    12; 
     0 ,    66 ,    55 ,   101  ,  130 ,    28  ,  195  ,  225 ,    21 ,   244   ,  87  ,   30  ,   49 ,   109  ,   20 ,   115 ,    89 ,    70  ,   78   ,  78  ,   78  ,   78   ,  70  ,   60  ,  223 ,    45  ,   82  ,  101 ,    32  ,  254  ,    2 ,   232; 
   111 ,    29 ,    37 ,    74  ,   74 ,    21  ,  177  ,  225 ,   245 ,   248   , 191  ,   61  ,   51 ,    74  ,   20 ,    44 ,    98 ,    60  ,   18   ,  37  ,   18  ,   78   ,  60  ,  190  ,   14 ,   200  ,  242  ,   35 ,    30  ,   13  ,  104 ,   154; 
   111 ,    28 ,   165 ,   139  ,   66 ,    21  ,  231  ,  193 ,    25 ,   253   , 202  ,  216  ,   38 ,    36  ,   71 ,    90 ,    70 ,    48  ,   48   ,  48  ,   56  ,   48   ,  20  ,  109  ,   84 ,    55  ,   75  ,  238 ,    70  ,  161  ,  161 ,   135; 
    47 ,    37 ,   127 ,   130  ,   66 ,    41  ,   27  ,  198 ,    27 ,   233   ,  57  ,   79  ,   53 ,    97  ,  108 ,    82 ,    89 ,    93  ,   93   ,  93  ,  242  ,  255   , 241  ,  242  ,   41 ,    43  ,   26  ,   25 ,   139  ,  120  ,  161 ,   153; 
   119 ,   119 ,    78 ,    78  ,    7 ,    31  ,   22  ,   12 ,   235 ,     1   , 222  ,  123  ,  185 ,   154  ,  181 ,   165 ,   146 ,   108  ,  139   ,  17  ,    5  ,  182   , 253  ,  180  ,  200 ,    16  ,  190  ,   89 ,   107  ,   48  ,   48 ,   118; 
    89 ,   126 ,   126 ,     9  ,  244 ,    58  ,   25  ,  219 ,    55 ,   242   , 166  ,  198  ,  214 ,   214  ,  222 ,    36 ,    44 ,    71  ,  210   , 247  ,   93  ,   23   , 255  ,  191  ,  217 ,    32  ,  127  ,  154 ,   184  ,   82  ,   93 ,   108; 
    30 ,   255 ,    17 ,    59  ,  250 ,    54  ,   34  ,  237 ,   248 ,    69   ,  20  ,   20  ,   47 ,    65  ,   65 ,    73 ,    73 ,   249  ,   10   ,  31  ,   14  ,   13   ,  34  ,  228  ,   89 ,    63  ,   82  ,   89 ,    25  ,   43  ,   43 ,    62; 
     0 ,    43 ,   115 ,    41  ,   52 ,     0  ,  103  ,  219 ,    82 ,    80   ,  20  ,   20  ,   39 ,    65  ,   84 ,   254 ,   110 ,    44  ,   25   , 244  ,   51  ,   51   ,  31  ,   81  ,   81 ,   100  ,  100  ,   40 ,    43  ,   52  ,   62 ,    26; 
     0 ,    93 ,   245 ,   250  ,  248 ,   251  ,   39  ,   72 ,    61 ,    13   ,  31  ,   39  ,   66 ,    73  ,   22 ,    76 ,   187 ,    31  ,  246   , 238  ,  234  ,   19   , 107  ,   89  ,   40 ,    33  ,   43  ,   51 ,    59  ,  238  ,   15 ,    39; 
     0 ,     4 ,     6 ,    11  ,  246 ,    37  ,   56  ,   63 ,    61 ,    80   ,  31  ,   50  ,   57 ,    36  ,   12 ,    28 ,   252 ,   106  ,   80   ,  12  ,   74  ,   81   , 100  ,   40  ,   40 ,    51  ,   51  ,   59 ,   236  ,    2  ,   83 ,   233; 
     0 ,    19 ,   252 ,    53  ,   56 ,    64  ,   75  ,   91 ,    91 ,    24   ,  39  ,   50  ,   45 ,    19  ,  206 ,   121 ,     8 ,   241  ,  255   ,  70  ,   63  ,   73   , 100  ,   40  ,   51 ,    43  ,   59  ,   21 ,    93  ,   74  ,   39 ,   234; 
     0 ,    34 ,   253 ,    38  ,   57 ,    57  ,   75  ,   91 ,   101 ,    24   , 249  ,   38  ,   86 ,    28  ,  220 ,   193 ,   106 ,   243  ,   63   ,  73  ,   82  ,   89   ,  33  ,   33  ,   43 ,    52  ,  250  ,   21 ,    93  ,  240  ,   27 ,    43; 
     0 ,   253 ,    22 ,    57  ,   49 ,    49  ,   75  ,   83 ,    34 ,    15   ,  57  ,  100  ,   80 ,    27  ,   10 ,   230 ,    35 ,    36  ,   55   ,  73  ,   82  ,   92   ,  33  ,   33  ,   49 ,    43  ,  241  ,   31 ,    90  ,  255  ,   28 ,   105; 
     0 ,    30 ,    41 ,    41  ,   41 ,    49  ,   57  ,   94 ,    20 ,    66   ,  12  ,   19  ,  238 ,    32  ,    9 ,   218 ,    36 ,    47  ,   47   ,  55  ,   73  ,   82   ,  92  ,   11  ,  253 ,    55  ,  103  ,   68 ,   250  ,    0  ,   70 ,    37; 
   146 ,    90 ,    30 ,    49  ,   41 ,    41  ,   68  ,   21 ,   212 ,    38   ,  47  ,   52  ,   34 ,   241  ,   21 ,    96 ,    36 ,    47  ,   66   ,  55  ,   55  ,   66   , 223  ,   21  ,    2 ,   246  ,   35  ,  235 ,    90  ,    9  ,   67 ,    40; 
   120 ,   109 ,    90 ,    30  ,   60 ,    42  ,    4  ,   31 ,   101 ,    20   , 100  ,   14  ,  247 ,    69  ,   88 ,    78 ,    96 ,    39  ,   48   ,  66  ,   47  ,  241   ,  34  ,   32  ,   26 ,     2  ,  249  ,    1 ,    22  ,   86  ,   60 ,    35; 
    83 ,    91 ,    71 ,    90  ,   13 ,    94  ,    6  ,  238 ,    28 ,    24   , 254  ,    3  ,   43 ,    43  ,   51 ,    78 ,    21 ,    29  ,   39   ,  18  ,   86  ,  231   ,  39  ,  231  ,  234 ,    25  ,   18  ,  234 ,    78  ,   67  ,   44 ,    65]
